singlepoint:
  - ra: 15.0
    dec: -30.0
    comp_type: point
    flux_type:
      curved_power_law:
        si: -0.8
        fd:
          freq: 150000000.0
          i: 1.0
          q: 0.0
          u: 0.0
          v: 0.0
        q: 0.2
singlegauss:
  - ra: 30.0
    dec: -30.0
    comp_type:
      gaussian:
        maj: 180.
        min: 360.
        pa: -10.
    flux_type:
      curved_power_law:
        si: -0.8
        q: -0.3
        fd:
          freq: 150000000.0
          i: 2.0
          q: 0.0
          u: 0.0
          v: 0.0
singleshapelet:
  - ra: 45.0
    dec: 20.0
    comp_type:
      shapelet:
        maj: 420.
        min: 300.
        pa: 56.
        coeffs:
          - n1: 0
            n2: 0
            value: 0.48255952
          - n1: 14
            n2: 2
            value: -0.18494293
          - n1: 41
            n2: -15
            value: -0.08973978
          - n1: 37
            n2: 7
            value: -0.22137849
    flux_type:
      curved_power_law:
        q: 0.3245
        si: -0.8
        fd:
          freq: 70000000.0
          i: 3.0
          q: 0.0
          u: 0.0
          v: 0.0
