singleshapelet_list:
  - ra: 45.0
    dec: 20.0
    comp_type:
      shapelet:
        maj: 420.
        min: 300.
        pa: 56.
        coeffs:
          - n1: 0
            n2: 0
            value: 0.48255952
          - n1: 14
            n2: 2
            value: -0.18494293
          - n1: 41
            n2: -15
            value: -0.08973978
          - n1: 37
            n2: 7
            value: -0.22137849
    flux_type:
      list:
        - freq: 110000000.0
          i: 4.456
          q: 902.3
          u: 234.234
          v: -13.234
        - freq: 130000000.0
          i: 3.45
          q: 54.786
        - freq: 120000000.0
          i: 4.75
          u: -432.987
        - freq: 150000000.0
          i: 532.897
          v: -9.3824
        - freq: 180000000.0
          i: 4.0
